1111111111111111111111111111111111111111
1000000000000000000001000000000000100001
1000000000000000000001000000000000100001
1000000000000000000001000000000000100001
1111111111111111100111000000000000100001
1000000000000000000001000111111000111101
1000000000000000000000000000000000000001
1001111111111111111100011111111111111001
1001000000000000000000000000000000001001
1001000000000000000000000000000000001001
1001000000001111111101111111100000001001
1001000000001000000000000000100000001001
1001000000001000000000000000100000001001
1001000000001000000000000000100000001001
1001000000001000000011000000100000001001
1001000000001000000000000000100000001001
1001000000001000001000010000100000001001
1001000000000000001000010000000000001001
1001000000001000001000010000100000001001
1001000000001000000000000000100000001001
1001000000001000000011000000100000001001
1001000000001000000000000000100000001001
1001000000001000000000000000100000001001
1001000000001111111101111111100000001001
1001000000000000000000000000000000001001
1001000000000000000000000000000000001001
1001111111111111100000000001111111111001
1000000000000000000000000001000000000001
1111111111111111111111000001000000000001
1000000000000000000001000000000000000001
1000000000000000000000000001111111111111
1000000000000000000000000000000000000001
1000000000000000000001001000000000000001
1000000000000000000001001000000000000001
1000000000000000000001001000000000000001
1000000000000000000001001000000000000001
1111111111111111111111001000000000000001
1000000000000000000000000000000000000001
1000000000000000000000001000000000000001
1111111111111111111111111111111111111111